[Paper0]
Name=发票
DisplayName=发票
Width=140
Height=240
MarginTop=4.9388888888888882
MarginBottom=4.9388888888888882
MarginLeft=4.9388888888888882
MarginRight=4.9388888888888882
Orientation=portrait

[Paper1]
Name=自定义大小 1
DisplayName=自定义大小 1
Width=210
Height=297
MarginTop=6.3499999999999996
MarginBottom=14.224
MarginLeft=6.3499999999999996
MarginRight=6.3499999999999996
Orientation=portrait
